$ANSIBLE_VAULT;1.1;AES256
34386336643039373732326163303737363264393331303831633861346163373662353934346166
3731373837353534353231623634656466643331633235310a353933616361613563323531316130
38343631343235353532653061656361323034393063663533653636653135636266373234613661
3838366336626633350a636661313063366264336634623832363130366261373761373338636439
63623533643863633965306536636361313639646134306231393162646264396331653237643663
30306538313739343330643033383464336332333162306337666339316364396564383636653061
36383231353063313337356631326164633365383931656133396239623034393535353736353935
63366161363335316438343566313436356639316434303862313730653231366130356433303035
38313664386130393132376337643665353263303533386334373538393566633134393036353966
62616135396339616562373033306638323130386134623163633330643139373633656262613438
34666432326361656431373334323034613732306437313763656135386638323264303835343662
38623138393665386161303166373432326436316331306636303937643862326538643135626362
63363033313431303865316162303235326536373736363935303439313134316664303432396337
61643136623833306562363964663336373765623965666235313864303833623861623536346431
63386231643539353130663435623333356361356262613839316166333238333461363164383238
33323635356566393830633362353039656430396262396437356438323537383663326438366465
36356465663162356664336662393766633532326539323265653565663631363361653737636662
66636364613239636531363438316437316330313864363535316335383431663536636534663762
64616632323162646430353339306163643233636164646366373166366630613839313438323961
61353638303763316534613165373137366130646438353564623435373533303366383961393666
39336136393462643539613466613737663932343037363931633836643866326662386535653361
36666161393834363039386364633836616462646161353735316533373463303662363533306539
30366439316664376636663238376365633031343761323536303265343361333437383130666434
32393831303562646562303962633639373035316136333031653735323861303462306531376333
35393334303535646164653133303530313933376633316365396337393835343435353738636135
62623365346630336565396633643262346530663563643564313933623537393164643833613835
34373062613432653731656566653864396664326236613565613838663131323564353438656561
65353933633839313839303536393631313036393233343038666133616135653030316662323431
62366332663263363035386465366230326333373162393230623864326334636163316665656462
63323633623539376234363338656365623761613637363334393932383636393834373533326333
61663731373430623937356266323738613065366239633033303334623333643064303935663833
64393935653766613539353164623138333939653863376536376137336434316634336232623161
30653964363233306233326139303034613431306436343434356630393832653164356162386630
31656462663938326534326461313364333235343232386465353139393766633839656132363437
37643837386434616237316262386561376631613063626134393437626434646430376332396562
36626366366239626138346637663634346538303961656537326631366639613530316532306632
39666661623437323137393238353132636335383338663532383361626435393761346237363138
66636662636164303132373333366563383734663233383765373534306239646536303131643264
33363161326666363961343537333837323364366330393861333339396562366462333563636537
37323837616464643761633065346161663130373332336164653934643137633463376234303437
33623465366664623532626361343562363935333933356334346662393262373736356234613164
31643865653165373365393536613134316333623138353561393262353964646561353239383761
64643331306139343532313533616365383232323339356462663665306230386462616633663938
64653166613033393636666438383061393963393633396461666465616536313965303139626462
30666561323833376366643432373965323438316164626432643466393439323366383861653731
65656561373335616461386233613666643731663830616464383165363133336261326433303136
39316664643731306636636161323962336338613533626634313035613666323736646163333131
31343737623864376136656432663834366439333166356532656161323561336264333133313865
35313666626462383165633331666335666539396364383865653639666465383231666635333962
38623432366630643731653538363261633464313938663532646265626534383063373531383833
61653034663965383539386631366335643535363835633862616432633739363934373464343765
36663164313937303666616663313135343436666338613231383262376235393464393336393232
61326365623038333362376330376162366165643230663338376138613734343433

